//201603





10 28 80 C1 00 10 10 01 AE 00 42 8F 10 2C 
10 28 80 C2 01 10 10 01 AC 00 40 5C 10 2C 
10 28 80 C3 02 10 10 01 AA 00 41 88 10 2C 
10 28 80 C4 03 10 10 01 A8 00 45 FA 10 2C 
10 28 80 C5 04 10 10 01 A6 00 44 81 10 2C 
10 28 80 C6 05 10 10 01 A4 00 46 52 10 2C 
10 28 80 C7 06 10 10 01 A2 00 47 86 10 2C 
10 28 80 C8 07 10 10 01 A0 00 4E B6 10 2C 
10 28 80 CA 08 10 10 01 9D 00 D3 C6 10 2C 
10 28 80 CF 09 10 10 04 94 00 00 00 00 5B 54 10 2C 
10 28 80 C1 0A 10 10 01 A4 00 EB EA 10 2C 
10 28 80 C2 0B 10 10 01 A2 00 25 FD 10 2C 
10 28 80 C3 0C 10 10 01 A0 00 61 EB 10 2C 
10 28 80 C4 0D 10 10 01 9E 00 25 61 10 2C

10 28 CA 80 02 10 10 00 A4 41 87 10 2C 

10 28 80 C5 A4 10 10 01 06 CA 0B 9D 10 2C 
10 28 80 C6 A5 10 10 01 04 CA 09 4E 10 2C 
10 28 80 C7 A6 10 10 01 02 CA 08 9A 10 2C 
10 28 80 C8 A7 10 10 01 00 CA 01 AA 10 2C 
10 28 80 CA A8 10 10 01 FD CA 8A 8E 10 2C 
10 28 80 CF A9 10 10 04 F4 00 00 00 00 C4 61 10 2C 
10 28 80 C1 AA 10 10 01 04 CA A4 F6 10 2C 
10 28 80 C2 AB 10 10 01 02 CA 6A E1 10 2C  

10 28 CA 80 0B 10 10 0C 8F 01 00 00 00 00 00 00 00 FF FF FF FF A2 60 10 2C 


//统计--测量
10 28 80 A4 03 10 10 0C BD 38 18 00 00 09 00 3C 00 01 00 00 00 A3 45 10 2C 
10 28 80 A1 04 10 10 0C BF 38 18 00 00 09 00 3C 00 01 00 00 00 12 76 10 2C 
10 28 80 A2 05 10 10 0C BD 38 18 00 00 09 00 3C 00 01 00 00 00 01 B2 10 2C 
10 28 80 A3 06 10 10 0C BB 38 18 00 00 09 00 3C 00 01 00 00 00 76 76 10 2C 
10 28 80 A4 07 10 10 0C B9 38 18 00 00 09 00 3C 00 01 00 00 00 26 3A 10 2C 
10 28 80 A1 08 10 10 0C BB 38 18 00 00 09 00 3C 00 01 00 00 00 86 8C 10 2C 
10 28 80 A2 09 10 10 0C B9 38 18 00 00 09 00 3C 00 01 00 00 00 95 48 10 2C 
10 28 80 A3 0A 10 10 0C B7 38 18 00 00 09 00 3C 00 01 00 00 00 E9 D6 10 2C 


//统计--智能设备
10 28 80 C3 02 10 10 01 AA 00 41 88 10 2C 
10 28 80 C4 03 10 10 01 A8 00 45 FA 10 2C 
10 28 80 C5 04 10 10 01 A6 00 44 81 10 2C 
10 28 80 C6 05 10 10 01 A4 00 46 52 10 2C 
10 28 80 C7 06 10 10 01 A2 00 47 86 10 2C 
10 28 80 C8 07 10 10 01 A0 00 4E B6 10 2C 
10 28 80 CA 08 10 10 01 9D 00 D3 C6 10 2C 
10 28 80 CF 09 10 10 04 94 00 00 00 00 5B 54 10 2C 
10 28 80 C1 0A 10 10 01 A4 00 EB EA 10 2C 
10 28 80 C2 0B 10 10 01 A2 00 25 FD 10 2C 
10 28 80 C3 0C 10 10 01 A0 00 61 EB 10 2C 
10 28 80 C4 0D 10 10 01 9E 00 25 61 10 2C 
10 28 80 C5 0E 10 10 01 9C 00 E8 71 10 2C 
10 28 80 C6 0F 10 10 01 9A 00 26 66 10 2C 
10 28 80 C7 10 10 10 10 01 98 00 64 07 10 2C 
10 28 80 C8 11 10 10 01 96 00 28 5A 10 2C 

//测量--统计
10 28 A1 80 19 10 10 06 B0 E8 03 52 03 01 19 C7 85 10 2C 
10 28 A2 80 00 10 10 06 C8 E8 03 52 03 01 19 64 4E 10 2C